"id","prediction_test"
1,193.423
2,28.9273333333333
6,33.5313333333333
14,249.404666666667
17,111.888333333333
20,37.8863333333333
28,172.386333333333
29,215.637
30,282.649666666667
32,134.852
34,4.7
41,66.645
45,151.193666666667
46,240.491
47,166.192333333333
49,4.08733333333334
52,76.7676666666667
59,87.8523333333333
61,75.128
62,98.8016666666667
66,260.827333333333
71,11.2991666666667
77,61.0573333333333
78,94.3943333333333
84,221.847
87,23.7903333333333
89,408.533666666667
91,481.087333333333
97,339.411666666667
100,281.508666666667
102,1.80033333333334
103,227.495333333333
105,110.824
109,7.899
111,6.972
112,6.03933333333333
121,36.9623333333333
126,105.141333333333
136,252.163333333333
137,58.554
138,19.2036666666667
141,301.251333333333
146,95.398
151,29.6623333333333
157,38.7326666666667
165,29.536
167,3.82633333333333
168,16.3576666666667
169,165.233333333333
174,333.049
191,221.365666666667
192,261.998666666667
194,267.392
196,61.5343333333333
197,236.843
217,147.977333333333
223,203.427
227,30.8416666666667
228,54.576
231,302.689
232,433.795666666667
244,552.626666666667
245,298.833666666667
248,542.192333333333
250,693.790666666667
251,157.632
252,119.194333333333
254,526.491
257,271.091666666667
259,595.439
273,132.642
274,97.2236666666667
276,60.0093333333333
279,191.371333333333
285,355.754333333333
290,401.495
292,218.908666666667
298,551.869666666667
299,183.212333333333
301,62.6643333333333
302,469.405666666667
306,4.035
310,18.785
314,5.19266666666667
318,334.898666666667
319,323.548333333333
321,177.060666666667
322,94.5033333333333
323,98.8086666666667
326,1.617
327,517.519666666667
328,190.603333333333
332,652.559666666667
335,13.266
343,179.689
344,15.5866666666667
345,199.343
348,446.341333333333
349,490.801
356,120.818
372,195.82
379,202.608
386,336.543
388,40.4266666666667
391,9.08266666666667
398,154.646333333333
408,36.303
412,280.740333333333
414,301.053
419,268.829333333333
426,409.724666666667
429,162.676
431,234.359666666667
432,209.696
440,645.181
441,151.751666666667
443,9.19666666666667
446,283.150666666667
450,25.6946666666667
451,493.521666666667
452,256.266666666667
454,132.49
456,20.8986666666667
459,393.546333333333
464,311.707
465,4.94866666666667
478,18.466
481,256.582666666667
484,796.060666666667
485,30.052
487,512.223666666667
491,140.219666666667
498,167.026333333333
499,33.369
502,126.777666666667
506,37.7773333333333
508,324.951666666667
514,4.04233333333333
516,104.099
517,147.556333333333
520,423.146333333333
523,6.424
524,1.72833333333333
526,8.70166666666667
528,32.8193333333333
529,95.6936666666667
534,100.062
541,54.083
546,327.154666666667
547,148.637666666667
559,109.58
561,218.887
567,347.094
569,3.33833333333333
570,137.827
573,31.7473333333333
574,209.753333333333
580,142.74
582,253.611666666667
594,250.265333333333
595,33.1123333333333
597,1.739
600,323.215
603,3.28333333333333
604,221.551666666667
611,357.545333333333
614,408.955333333333
615,9.44866666666667
618,230.435
620,247.849666666667
623,7.01033333333333
628,11.811
629,3.17733333333333
637,232.220333333333
638,164.109666666667
644,64.1846666666667
645,214.293333333333
666,234.327333333333
674,38.5843333333333
678,415.880333333333
679,11.1996666666667
682,316.864333333333
683,56.1056666666667
685,5.43466666666667
691,543.949
695,436.040333333333
696,149.533666666667
700,249.461
701,147.899
703,204.186
706,4.528
707,195.042333333333
709,12.309
718,207.75
719,196.155666666667
725,37.9856666666667
727,234.276
735,341.467
745,658.946333333333
747,502.542
751,105.735333333333
753,176.393
754,242.656333333333
756,7.37166666666667
759,277.136666666667
760,198.118
761,212.128333333333
764,382.724333333333
765,365.700666666667
767,296.012333333333
773,123.628666666667
775,258.250666666667
782,321.262
783,57.549
787,34.403
789,222.721
790,71.7863333333333
793,203.125
795,194.834333333333
798,13.4566666666667
800,131.681
801,93.222
804,188.240333333333
805,6.99166666666667
806,379.808333333333
808,23.8396666666667
809,18.158
812,80.1996666666667
817,187.224666666667
823,4.843
824,207.233
829,354.768333333333
835,12.1963333333333
839,176.676333333333
841,274.081666666667
845,16.4626666666667
850,255.206
853,249.984
855,512.204666666667
862,883.564666666667
864,19.1686666666667
865,298.886666666667
867,462.31
869,61.547
871,270.195666666667
874,271.983
877,194.234
884,487.632333333333
885,145.669
893,65.4806666666667
894,143.376
897,441.638666666667
904,400.874666666667
905,582.361
910,7.13133333333333
911,348.410333333333
912,14.3833333333333
918,371.885666666667
922,187.057
925,5.15133333333333
927,202.132333333333
930,110.213333333333
931,292.866333333333
933,151.179
934,308.018333333333
935,126.811333333333
936,142.394666666667
938,235.833666666667
939,34.1956666666667
948,58.0496666666667
949,117.524333333333
950,231.600333333333
951,7.508
957,350.365
965,212.385666666667
966,165.251666666667
968,162.715333333333
969,6.14933333333333
972,113.356666666667
973,62.9526666666667
979,253.185333333333
983,274.463666666667
985,11.743
991,11.1123333333333
993,231.328666666667
997,5.356
998,164.652666666667
1007,108.349666666667
1009,274.333
1014,140.267
1016,183.517333333333
1023,115.684
1025,124.515
1027,325.087
1028,228.123
1030,363.468333333333
1031,110.719
1033,91.174
1046,41.2793333333333
1050,422.753666666667
1054,21.587
1057,107.512333333333
1061,218.501666666667
1062,151.717
1066,361.299666666667
1068,413.970666666667
1069,351.746
1081,169.025
1083,218.540333333333
1084,311.017333333333
1085,181.440333333333
1094,4.31566666666667
1096,159.426666666667
1100,206.307333333333
1105,141.404
1107,774.977
1108,90.6406666666667
1116,14.029
1118,187.887666666667
1121,233.592
1128,262.515666666667
1131,98.6373333333333
1135,73.9433333333333
1136,167.608666666667
1141,85.3416666666666
1143,16.7563333333333
1144,107.928
1146,71.0956666666667
1148,266.814
1154,338.904
1156,440.692333333333
1158,346.674333333333
1160,206.968666666667
1163,331.961333333333
1164,1.95733333333333
1169,321.55
1170,449.369666666667
1171,190.281666666667
1173,202.009666666667
1174,288.212666666667
1175,83.6226666666667
1178,428.310333333333
1179,185.691
1183,29.8826666666667
1184,11.8166666666667
1185,5.35533333333333
1187,5.61266666666667
1192,205.219333333333
1195,11.107
1199,169.558333333333
1200,360.614
1202,427.543
1207,4.21166666666667
1212,466.594666666667
1214,1.739
1215,258.936
1221,216.361666666667
1226,482.779
1231,354.074666666667
1232,4.94266666666667
1233,608.665333333333
1239,136.571666666667
1243,42.0343333333333
1245,53.6016666666667
1246,465.020666666667
1247,372.755666666667
1250,427.961333333333
1255,37.3943333333333
1257,375.980333333333
1258,155.88
1261,26.159
1268,236.362333333333
1271,8.74333333333333
1274,17.519
1278,276.533333333333
1279,160.66
1283,67.7363333333333
1285,204.974
1288,140.876333333333
1291,176.933
1293,67.286
1294,106.920333333333
1296,139.553666666667
1299,177.019333333333
1300,63.0196666666667
1305,252.698
1306,596.507666666667
1308,87.3353333333334
1309,1.86866666666667
1313,522.430333333333
1318,49.0653333333333
1319,165.325333333333
1323,91.232
1327,153.248666666667
1334,143.569666666667
1336,186.288
1337,125.083333333333
1339,200.766666666667
1346,390.56
1347,44.6753333333333
1351,378.348333333333
1352,4.85133333333333
1353,34.1213333333333
1358,99.555
1365,125.23
1366,379.379666666667
1367,242.015333333333
1372,18.2073333333333
1373,27.0213333333333
1376,333.001333333333
1377,179.072333333333
1379,8.89866666666667
1387,91.0743333333333
1399,413.110333333333
1405,20.001
1407,108.444666666667
1408,209.876333333333
1412,101.902
1414,324.932333333333
1416,62.6156666666667
1420,49.8326666666667
1422,118.545666666667
1431,356.448333333333
1433,173.500333333333
1434,5.74566666666667
1436,166.754
1437,430.422
1438,5.43133333333333
1439,243.731
1450,267.641333333333
1451,353.417
1455,6.72666666666667
1457,179.250333333333
1463,8.55466666666667
1466,110.364
1474,163.960333333333
1476,564.693
1487,33.6416666666667
1490,145.785333333333
1492,184.991
1493,227.589
1495,132.688666666667
1499,27.0013333333333
1501,102.139333333333
1503,2.65933333333333
1504,155.725
1510,5.42666666666667
1512,366.248
1514,11.7523333333333
1517,87.185
1518,150.349666666667
1528,173.417333333333
1533,11.3746666666667
1534,77.4686666666667
1538,770.592666666667
1539,423.51
1540,8.62
1542,132.723
1548,133.387
1549,228.103666666667
1551,23.3436666666667
1553,189.820333333333
1556,182.539333333333
1560,11.431
1566,92.0633333333333
1567,20.1746666666667
1568,367.858
1571,512.062666666667
1572,83.9613333333333
1578,48.0006666666667
1582,333.685333333333
1584,161.904
1590,369.132
1594,6.30733333333333
1595,13.2103333333333
1602,163.228
1604,13.3816666666667
1619,296.599
1620,207.254
1621,20.5513333333333
1622,309.847666666667
1626,5.26
1636,197.811666666667
1639,438.139666666667
1644,13.3653333333333
1645,163.666
1649,5.989
1652,12.4753333333333
1653,69.2246666666666
1656,101.772666666667
1657,163.899333333333
1659,325.431333333333
1660,46.6963333333333
1661,249.43
1664,137.333666666667
1666,65.2223333333333
1668,330.39
1669,132.899
1671,14.7946666666667
1674,397.09
1679,5.14633333333333
1687,296.585333333333
1694,156.479666666667
1695,56.9286666666667
1700,131.68
1701,140.240666666667
1702,524.895
1703,248.964666666667
1705,445.637
1708,212.584333333333
1714,126.819
1715,212.411333333333
1719,574.286666666667
1723,229.203333333333
1725,215.538666666667
1728,49.85
1730,162.163
1737,28.418
1739,799.924
1740,128.027
1743,298.819333333333
1746,699.454
1747,370.543
1748,11.491
1754,65.035
1756,64.0126666666667
1758,19.9633333333333
1759,345.905333333333
1762,641.666
1763,35.8793333333333
1764,198.007333333333
1765,113.31
1766,358.511
1767,364.655666666667
1771,646.275333333333
1773,207.153666666667
1775,112.008333333333
1776,5.629
1784,390.047
1785,102.276333333333
1786,290.856
1792,368.99
1798,191.115
1803,287.115
1805,222.336666666667
1807,137.914666666667
1809,124.820333333333
1811,3.62733333333333
1812,161.984
1816,456.306666666667
1817,423.824
1818,41.1393333333333
1819,290.370333333333
1828,127.561333333333
1829,24.7356666666667
1831,112.763333333333
1838,25.3823333333333
1844,8.119
1846,19.2353333333333
1849,77.792
1851,154.536
1856,296.131666666667
1857,7.233
1858,155.885333333333
1859,600.829
1860,146.226666666667
1864,311.179333333333
1866,199.619333333333
1875,11.4021666666667
1877,206.003666666667
1879,26.591
1881,150.663333333333
1885,121.012333333333
1886,126.961
1890,49.7276666666667
1891,67.2653333333333
1892,75.8236666666667
1893,91.5366666666667
1896,181.812
1897,130.549
1900,122.793
1909,62.0126666666667
1914,173.713333333333
1918,155.418
1922,172.830333333333
1925,49.1243333333333
1929,87.9663333333333
1930,313.151333333333
1938,13.1993333333333
1944,284.426
1954,3.457
1957,32.7936666666667
1960,499.859333333333
1961,28.1613333333333
1962,503.448
1965,85.045
1971,11.5836666666667
1973,46.2846666666667
1977,5.86966666666667
1984,13.0393333333333
1989,160.967333333333
1991,200.222666666667
1998,160.21
1999,238.879
2008,139.115666666667
2009,83.8603333333333
2010,525.045666666667
2012,169.074666666667
2014,7.47166666666666
2016,104.309333333333
2020,23.6616666666667
2026,164.048
2027,409.906
2029,74.6096666666667
2031,219.249
2034,68.649
2040,176.215666666667
2043,77.8933333333333
2044,451.594
2045,124.568666666667
2050,154.402
2052,299.847666666667
2055,63.2286666666667
2058,10.8003333333333
2061,20.4096666666667
2063,204.69
2072,388.740666666667
2075,5.51866666666667
2076,163.107
2078,323.887666666667
2086,9.04433333333333
2091,282.944
2096,213.148333333333
2101,35.147
2102,4.11233333333333
2105,276.734
2108,142.845333333333
2110,68.8
2112,84.7473333333333
2119,190.716666666667
2122,841.199666666667
2123,250.156333333333
2126,31.408
2127,167.929666666667
2128,256.497666666667
2132,120.249
2133,17.0846666666667
2138,191.553666666667
2140,144.119333333333
2142,204.754
2143,285.444666666667
2150,161.296333333333
2152,154.317666666667
2156,21.2263333333333
2163,9.714
2164,288.633333333333
2165,96.1336666666667
2168,135.866
2171,24.1326666666667
2175,20.723
2183,13.6106666666667
2184,13.0016666666667
2188,223.542666666667
2192,4.17
2194,194.206
2198,296.062666666667
2200,157.364
2201,251.952666666667
2212,61.5666666666667
2216,35.3893333333333
2218,293.480333333333
2219,460.794
2221,4.259
2223,138.966333333333
2224,161.825333333333
2232,312.132333333333
2233,689.525333333333
2234,42.703
2236,18.7246666666667
2250,141.95
2253,324.628666666667
2257,162.434333333333
2258,49.8383333333333
2259,70.1883333333333
2261,475.208333333333
2265,273.662
2269,224.491
2271,92.354
2272,99.74
2273,96.956
2275,365.688666666667
2277,121.459333333333
2278,63.5796666666667
2283,235.547
2286,52.0096666666667
2294,5.834
2298,4.09533333333333
2301,180.894666666667
2308,192.175666666667
2309,198.339666666667
2313,485.562
2320,184.978333333333
2321,65.0923333333333
2325,4.96933333333333
2326,10.25
2328,55.1216666666667
2332,717.657666666667
2333,490.582333333333
2336,151.476
2337,117.699
2341,327.676
2346,327.344666666667
2353,134.834666666667
2363,80.419
2365,308.401
2369,120.228333333333
2374,558.608
2378,17.641
2379,227.848666666667
2382,129.671666666667
2387,11.8733333333333
2388,126.215333333333
2394,16.6113333333333
2396,151.303333333333
2399,151.014666666667
2404,3.19133333333333
2409,119.436333333333
2411,264.399333333333
2412,14.563
2414,228.930333333333
2419,104.831666666667
2422,496.277333333333
2423,185.448
2424,74.259
2427,5.29666666666667
2437,203.193333333333
2442,505.788666666667
2443,724.715
2445,641.961
2447,389.692666666667
2453,525.334
2456,187.247333333333
2458,12.881
2464,464.292666666666
2465,375.383
2468,512.036666666667
2469,8.076
2470,422.591333333333
2471,5.153
2473,23.9963333333333
2477,381.839
2482,633.651333333333
2486,404.113
2492,17.44
2493,323.062333333333
2496,342.202333333333
2498,5.034
2500,88.636
2501,418.261333333333
2502,220.153
2504,322.743666666667
2505,110.972
2509,529.259333333333
2514,65.563
2515,545.454
2516,386.595333333333
2525,189.808
2527,5.14766666666667
2533,6.05166666666667
2534,341.880666666667
2538,367.475666666667
2543,559.48
2551,307.86
2554,189.556333333333
2560,242.675333333333
2562,65.128
2575,12.026
2579,94.794
2580,570.914
2582,221.325
2583,257.962666666667
2592,5.45666666666667
2593,19.2093333333333
2599,55.092
2600,156.192666666667
2601,209.501333333333
2602,378.954
2603,81.218
2607,109.343
2608,18.6083333333333
2614,352.733
2616,283.786333333333
2617,92.5646666666667
2622,33.7133333333333
2625,37.6286666666667
2626,105.667
2629,419.280333333333
2637,804.928
2639,7.69633333333333
2640,172.146666666667
2645,389.875
2646,258.118333333333
2649,149.917666666667
2650,302.310666666667
2656,243.761
2657,326.034
2661,3.52066666666667
2669,374.976
2673,759.451666666667
2675,175.169333333333
2676,164.779333333333
2679,65.6583333333333
2680,86.1103333333333
2682,134.854333333333
2684,181.472333333333
2685,314.423333333333
2688,18.46
2690,685.274333333333
2691,150.079666666667
2692,4.19066666666667
2693,154.027
2696,313.398333333333
2698,60.3376666666667
2700,277.177666666667
2704,15.782
2708,101.521333333333
2711,92.422
2712,180.748666666667
2713,64.4183333333333
2714,398.97
2718,42.04
2719,10.7326666666667
2720,53.0613333333333
2721,100.029333333333
2723,142.734
2724,563.736333333333
2729,344.700666666667
2730,515.819
2732,84.5493333333333
2733,349.214333333333
2741,224.027333333333
2742,100.304666666667
2744,314.183666666667
2749,313.713
2750,163.976
2751,2.02833333333333
2767,233.476
2775,5.57666666666667
2782,13.2966666666667
2785,22.5723333333333
2786,1.748
2787,4.32466666666667
2794,10.79
2795,119.825666666667
2796,60.4703333333333
2799,94.1643333333334
2801,80.5773333333333
2802,115.528666666667
2804,162.899666666667
2805,148.031333333333
2808,135.838
2809,212.300666666667
2810,144.23
2812,309.308
2813,673.356
2824,16.9393333333333
2825,160.301
2836,5.6
2842,507.542666666667
2843,11.1753333333333
2845,160.888666666667
2846,131.549666666667
2850,5.03066666666667
2858,228.548666666667
2860,543.459
2861,2.11833333333333
2863,3.86033333333333
2867,323.937666666667
2868,5.39166666666666
2870,217.823333333333
2874,255.097
2878,56.408
2879,165.185666666667
2880,252.317
2881,167.040333333333
2882,300.291333333333
2885,118.069666666667
2886,228.184666666667
2893,12.264
2895,187.917333333333
2900,171.631333333333
2904,57.0303333333333
2906,87.9336666666667
2908,321.265666666667
2909,5.10566666666667
2912,35.052
2917,31.6363333333333
2919,252.464
2921,21.255
2922,136.504666666667
2926,233.101666666667
2929,386.962666666667
2930,267.065
2934,161.402666666667
2944,747.192666666667
2953,108.674666666667
2958,252.514333333333
2960,3.977
2961,183.662666666667
2967,115.784666666667
2968,3.18533333333333
2970,192.53
2972,314.616333333333
2973,8.95733333333334
2974,8.80066666666667
2981,22.1843333333333
2986,131.489
2987,92.994
2989,1.94133333333333
2991,4.761
2998,82.0013333333333
3000,179.567333333333
3001,475.979
3005,4.48933333333333
3008,315.151
3009,435.026666666667
3011,94.207
3012,132.543333333333
3014,7.14633333333333
3015,182.094
3016,298.771666666667
3017,218.965666666667
3018,17.481
3021,5.668
3024,211.315
3026,4.58333333333333
3030,413.967666666667
3034,56.2113333333333
3037,68.6996666666667
3038,156.328666666667
3041,8.327
3047,144.126
3050,644.983666666667
3052,30.9546666666667
3060,213.092
3072,372.432333333333
3076,171.341
3077,34.1786666666667
3086,384.932333333333
3089,150.409
3093,1.892
3095,4.44466666666667
3097,310.22
3098,19.5833333333333
3107,233.256333333333
3113,465.362
3116,62.0276666666667
3119,276.18
3128,279.139666666667
3131,240.856
3132,557.769666666667
3133,244.894
3147,270.221
3148,126.114333333333
3149,280.224666666667
3150,16.4763333333333
3151,154.938333333333
3157,279.451666666667
3158,24.5406666666667
3159,197.554
3164,17.2846666666667
3166,27.213
3168,22.0663333333333
3170,248.232
3174,225.463
3176,241.384
3180,332.032333333333
3193,318.337666666667
3197,125.602333333333
3198,27.7126666666667
3201,375.003333333333
3206,10.7006666666667
3207,265.142666666667
3219,7.30933333333333
3222,64.3326666666667
3223,4.97066666666666
3232,15.168
3234,7.79133333333333
3238,108.589666666667
3240,25.4146666666667
3244,10.266
3249,579.456666666667
3258,322.944333333333
3262,96.924
3268,252.199666666667
3270,350.328666666667
3272,373.419666666667
3280,234.896333333333
3287,161.122
3288,8.492
3293,163.212666666667
3294,137.902333333333
3295,186.202666666667
3299,38.666
3302,284.137333333333
3304,81.126
3306,16.7076666666667
3307,73.8956666666667
3314,469.215666666667
3315,5.16966666666667
3319,11.1596666666667
3320,128.273333333333
3324,20.5456666666667
3326,139.588333333333
3331,241.844333333333
3335,43.2013333333333
3341,221.133666666667
3344,66.5803333333333
3349,158.034333333333
3356,108.767666666667
3361,320.316333333333
3362,155.813333333333
3363,107.602666666667
3366,3.41766666666667
3369,71.7146666666667
3370,391.841333333333
3374,148.683666666667
3376,424.042333333333
3377,261.778
3379,226.240666666667
3381,116.123
3383,423.744333333333
3385,186.935
3386,21.7586666666667
3387,147.961666666667
3391,248.689333333333
3393,766.906666666667
3396,76.1876666666667
3403,588.188
3406,326.813666666667
3407,19.3433333333333
3412,317.616666666667
3418,171.85
3426,118.272333333333
3430,257.067
3432,25.0883333333333
3434,133.592666666667
3439,313.516666666667
3441,161.641333333333
3450,720.325333333333
3451,286.119333333333
3456,36.783
3460,213.501666666667
3461,219.852333333333
3464,615.416333333333
3473,256.066333333333
3474,153.250666666667
3476,70.4956666666667
3485,274.916333333333
3487,426.277
3490,85.2383333333333
3508,312.538333333333
3512,215.367
3513,194.265666666667
3514,465.874333333333
3519,248.414
3521,236.736666666667
3533,306.516
3537,302.608666666667
3545,256.460666666667
3548,44.129
3550,284.093666666667
3553,16.0886666666667
3567,279.002
3571,347.184
3587,161.419666666667
3595,448.709666666667
3601,440.1
3603,235.976333333333
3606,343.252333333333
3614,536.051666666667
3616,313.398333333333
3617,14.2116666666667
3618,221.262
3622,15.3363333333333
3626,57.46
3627,118.779
3635,4.51066666666666
3636,13.3483333333333
3637,241.957
3640,77.064
3641,161.952666666667
3645,132.731333333333
3652,417.133
3656,347.903666666667
3658,316.761
3659,168.276
3666,146.58
3668,304.673
3671,18.1153333333333
3675,424.822666666667
3680,189.593333333333
3689,13.2536666666667
3692,159.030666666667
3696,63.7943333333333
3701,182.157
3705,117.371333333333
3706,206.445666666667
3709,411.783
3710,153.967
3716,27.4546666666667
3721,161.267333333333
3724,15.3696666666667
3726,80.4213333333333
3732,8.721
3735,26.7463333333333
3746,457.019
3747,340.058333333333
3751,5.03133333333333
3752,148.353666666667
3753,36.567
3756,5.39366666666667
3762,493.668333333333
3763,6.019
3772,48.0096666666667
3775,391.821333333333
3776,306.38
3783,307.517
3785,3.49133333333333
3787,73.1713333333333
3790,201.379
3798,487.856
3800,196.855333333333
3803,20.9696666666667
3804,428.138333333333
3806,159.978
3808,442.062666666667
3809,475.647333333333
3810,125.495666666667
3814,115.572
3817,376.052333333333
3818,177.254666666667
3826,286.565666666667
3829,680.436
3832,400.735333333333
3834,24.7656666666667
3835,23.8123333333333
3837,363.606666666667
3843,508.535666666666
3852,56.505
3856,257.784666666667
3860,122.228666666667
3862,366.877666666667
3863,65.335
3870,194.093333333333
3876,11.7926666666667
3880,6.98266666666667
3890,51.8473333333333
3898,194.661333333333
3905,81.9876666666667
3914,5.47133333333333
3917,197.178
3920,319.267
3922,87.5176666666667
3928,392.819666666667
3930,536.642666666667
3934,124.785
3935,88.495
3939,166.521333333333
3955,16.1743333333333
3958,270.091333333333
3959,97.5993333333333
3960,5.34033333333333
3968,19.6286666666667
3969,268.726666666667
3970,59.1023333333333
3973,26.0263333333333
3974,439.065
3975,160.153
3981,284.899
3983,254.413333333333
3993,50.579
3996,62.4833333333333
3997,341.395
4000,151.981333333333
4007,364.097
4010,138.300666666667
4021,6.752
4032,2.35633333333333
4034,4.498
4035,305.166666666667
4037,134.492666666667
4038,256.529
4044,350.704
4047,346.584333333333
4049,19.2086666666667
4052,88.9826666666667
4054,181.164666666667
4055,108.506333333333
4056,233.654
4058,174.378333333333
4059,188.957
4061,83.14
4062,557.702666666667
4067,527.846
4069,414.449
4075,77.8313333333333
4082,205.091
4086,88.4243333333333
4087,206.571333333333
4089,15.9203333333333
4093,18.8563333333333
4097,205.704
4103,248.084333333333
4104,192.254666666667
4111,66.3596666666667
4112,5.20833333333333
4117,71.5663333333333
4119,540.364333333333
4122,243.215
4124,157.670666666667
4126,160.121666666667
4128,258.455666666667
4132,68.1066666666667
4135,139.652333333333
4137,16.3713333333333
4143,57.8973333333333
4148,443.296666666667
4150,43.1736666666667
4151,207.689
4155,320.796333333333
4156,50.2256666666667
4157,272.075
4163,454.544
4165,347.329
4166,294.945333333333
4167,269.968333333333
4169,115.728
4178,289.191
4179,403.261
4189,140.829333333333
4190,188.742333333333
4205,203.538
4209,16.0013333333333
4212,9.395
4215,4.65633333333333
4217,416.486666666667
4219,596.115666666667
4222,224.980666666667
4230,11.317
4237,8.265
4248,329.226
4253,467.75
4268,456.676
4269,671.405333333333
4279,528.613
4281,146.980666666667
4284,213.643
4287,41.8113333333333
4290,194.585666666667
4296,215.144
4300,74.6113333333333
4304,286.481
4305,164.883
4310,118.745333333333
4316,133.070333333333
4317,11.8353333333333
4319,28.0656666666667
4320,335.678666666667
4324,72.8056666666667
4327,3.87233333333333
4328,9.55466666666667
4335,137.312333333333
4340,616.379666666667
4341,50.9723333333333
4347,386.292666666667
4349,227.962
4353,31.6576666666667
4355,86.4346666666667
4357,8.79
4358,4.292
4361,37.7893333333333
4363,35.2933333333333
4364,400.287666666667
4370,24.7513333333333
4374,88.9266666666667
4376,303.146333333333
4378,30.1503333333333
4379,323.094666666667
4380,97.792
4383,333.968333333333
4385,344.130333333333
4387,126.339
4390,606.643333333333
4392,121.298333333333
4393,65.5086666666667
4396,15.7273333333333
4402,160.466
4408,104.654666666667
4410,234.535333333333
4416,225.112333333333
4417,390.906
4418,70.1203333333333
4419,576.113333333333
4425,76.259
4429,167.109333333333
4430,584.457333333333
4431,6.41933333333333
4433,125.06
4437,73.295
4439,608.079333333333
4440,252.975333333333
4442,37.2283333333333
4443,5.87333333333333
4445,485.323333333333
4448,330.642
4450,51.4823333333333
4452,564.848
4456,175.415
4461,86.1316666666666
4463,321.561666666667
4468,391.616333333333
4473,198.896666666667
4476,583.556333333333
4481,6.30666666666666
4486,91.4296666666666
4490,138.711333333333
4493,429.441666666667
4501,118.373333333333
4504,357.937666666667
4505,148.605666666667
4507,48.2793333333333
4511,382.879666666667
4512,545.791333333333
4514,130.493666666667
4516,175.362666666667
4520,156.319
4521,196.237333333333
4524,86.8033333333333
4525,29.4663333333333
4527,196.469
4531,313.885
4532,349.499
4533,40.2986666666667
4539,126.479
4541,281.59
4544,63.8473333333333
4546,750.048666666667
4547,250.738666666667
4548,609.734666666667
4550,11.0823333333333
4552,220.32
4555,738.351333333333
4559,101.694333333333
4561,142.115666666667
4563,189.51
4564,898.619333333333
4566,44.5543333333333
4573,83.5156666666667
4574,21.8583333333333
4578,174.222
4579,323.218666666667
4583,601.079666666667
4584,19.5426666666667
4585,5.04566666666667
4588,175.437666666667
4597,71.7656666666667
4600,130.879
4601,106.924333333333
4603,159.682666666667
4606,103.863666666667
4607,239.189
4609,188.019
4611,28.584
4612,240.234
4615,49.625
4628,164.483666666667
4632,215.638666666667
4633,327.504666666667
4639,13.0726666666667
4640,524.574
4642,88.2076666666667
4645,6.19133333333333
4646,617.838
4647,81.568
4650,223.608
4653,31.7413333333333
4655,91.6613333333333
4656,271.915666666667
4659,66.3476666666667
4661,5.494
4664,18.9783333333333
4665,72.8423333333333
4668,84.0186666666667
4670,347.581666666667
4674,360.374
4676,329.942666666667
4679,103.866666666667
4680,99.322
4685,181.764333333333
4686,126.516
4689,18.4976666666667
4692,166.344
4698,152.602666666667
4699,207.795333333333
4703,326.134333333333
4704,322.701666666667
4708,135.936333333333
4710,230.641
4712,104.457
4715,192.584666666667
4716,70.859
4721,342.764333333333
4722,303.879
4724,392.559333333333
4732,211.738
4742,250.705333333333
4744,276.415333333333
4747,553.365333333333
4748,116.527
4749,389.427333333333
4750,272.836571428571
4757,9.30033333333333
4760,9.83633333333333
4765,23.56
4766,11.995
4767,351.362333333333
4769,343.561
4772,320.906333333333
4774,369.084
4779,130.567666666667
4780,308.956
4781,164.652666666667
4782,510.655666666667
4811,29.29
4813,146.45
4818,149.878
4823,2.817
4833,566.425
4834,197.743
4836,62.952
4837,8.963
4838,114.527
4839,538.464333333333
4841,123.941333333333
4843,189.427666666667
4845,179.089
4850,243.247333333333
4851,57.05
4853,122.952666666667
4855,244.259666666667
4857,151.706333333333
4861,5.02666666666667
4862,662.741
4876,27.4203333333333
4877,158.003666666667
4879,239.055
4880,532.875
4881,230.778333333333
4887,5.34733333333333
4889,5.85866666666667
4903,192.924333333333
4904,46.6933333333333
4911,184.509666666667
4918,94.3713333333334
4919,293.233666666667
4925,208.896333333333
4929,120.963666666667
4932,65.799
4937,284.231
4940,9.019
4942,242.182333333333
4945,71.7146666666667
4954,327.826666666667
4964,116.657666666667
4974,144.327
4975,14.0796666666667
4976,6.89533333333333
4978,327.456333333333
4981,417.197666666667
4983,203.141333333333
4985,180.544
4987,101.531333333333
4996,77.716
5000,164.261
5002,732.832333333333
5005,571.782333333333
5006,192.513
5007,130.875
5010,240.873666666667
5011,286.023
5012,418.044523809524
5016,213.709
5019,259.403666666667
5022,124.885333333333
5028,105.184666666667
5033,33.2006666666667
5034,39.7243333333333
5035,157.813
5036,7.25433333333333
5040,7.139
5043,125.177666666667
5045,311.180333333333
5047,71.231
5058,89.092
5059,5.13533333333333
5060,40.151
5061,619.202666666667
5064,110.455666666667
5065,127.597
5066,219.445
5067,188.283333333333
5069,435.574333333333
5075,235.282
5077,94.9036666666667
5080,45.2246666666667
5081,6.84366666666667
5083,5.185
5084,29.267
5086,321.247666666667
5087,294.864333333333
5088,46.0153333333333
5092,396.072666666667
5096,59.945
5098,138.604333333333
5111,12.9676666666667
5114,76.6096666666667
5116,316.257333333333
5119,364.102
5123,332.016
5128,144.059
5131,283.668333333333
5137,241.45
5138,79.9863333333333
5142,372.744333333333
5144,399.194666666667
5148,62.864
5150,257.934
5156,189.443
5161,309.706666666667
5162,369.579666666667
5165,82.9613333333334
5167,123.040666666667
5170,37.6183333333333
5172,150.630666666667
5174,600.464666666667
5178,163.809666666667
5182,188.885
5183,36.47
5196,177.591
5197,293.450333333333
5198,238.222666666667
5202,117.509666666667
5206,43.5713333333333
5210,373.473
5211,145.905666666667
5220,161.265
5228,2.21866666666667
5233,376.042333333333
5238,830.745666666667
5243,100.383
5244,197.565666666667
5250,374.687666666667
5261,10.9826666666667
5263,249.209333333333
5272,592.240666666667
5274,4.32566666666667
5276,440.477
5277,4.88166666666667
5280,28.9916666666667
5282,278.265333333333
5283,287.786333333333
5284,256.263333333333
5290,566.642333333333
5291,98.9003333333333
5293,197.97
5295,61.5196666666667
5299,214.210333333333
5304,333.765
5305,345.217666666667
5306,271.670333333333
5307,34.9713333333333
5308,233.779666666667
5311,563.441666666667
5312,131.284333333333
5316,19.824
5318,285.645666666667
5328,35.7666666666667
5331,3.17933333333333
5340,597.873
5341,5.964
5343,283.050333333333
5350,19.566
5353,173.553333333333
5363,57.7533333333333
5364,288.77
5369,2.45666666666667
5372,233.212333333333
5377,95.1346666666666
5378,163.433333333333
5385,125.903
5388,120.620666666667
5389,126.47
5392,37.5526666666667
5397,41.547
5398,519.746666666667
5402,438.473666666667
5403,10.159
5409,57.4143333333333
5412,245.575666666667
5414,61.76
5418,6.266
5421,648.840333333333
5422,111.309
5424,144.679
5427,4.996
5428,715.597
5431,23.6893333333333
5435,102.290666666667
5436,185.389
5441,406.977666666667
5443,187.695333333333
5448,56.754
5449,135.803333333333
5454,227.738333333333
5461,531.729
5462,18.2923333333333
5464,79.6963333333333
5466,437.148666666667
5471,9.38266666666667
5473,155.217333333333
5485,405.586
5495,103.656
5496,49.5683333333333
5499,406.092
5500,90.6663333333333
5504,693.790666666667
5509,5.518
5512,84.235
5515,462.26
5516,32.5263333333333
5517,348.739
5524,502.978666666667
5525,182.77
5527,258.667666666667
5532,2.05433333333333
5542,338.320333333333
5545,2.49766666666667
5546,279.598
5549,145.489333333333
5552,133.304666666667
5553,5.33033333333333
5561,55.971
5563,52.2586666666667
5569,94.7433333333333
5571,78.575
5576,228.379666666667
5580,253.29
5584,11.764
5586,9.90433333333333
5591,167.524666666667
5593,192.944
5602,62.6743333333333
5606,41.4043333333333
5617,40.7743333333333
5619,172.228
5620,156.947333333333
5622,67.5583333333333
5625,518.837666666667
5627,8.23633333333333
5630,8.52866666666667
5631,298.578
5636,45.8656666666667
5640,118.345
5641,547.961
5647,381.478333333333
5655,196.01
5663,88.6143333333333
5667,381.047333333333
5670,81.8763333333333
5675,279.243333333333
5683,20.7186666666667
5685,299.321666666667
5692,10.4153333333333
5698,687.136333333333
5702,37.8423333333333
5705,300.367333333333
5708,100.516333333333
5711,143.3
5713,370.973
5714,213.125333333333
5717,158.54
5725,135.712666666667
5726,173.026666666667
5729,38.165
5735,615.036
5739,69.7
5741,103.315666666667
5743,3.98366666666667
5744,260.353333333333
5752,147.769
5753,607.883
5760,151.466
5765,162.327666666667
5770,255.708333333333
5772,481.373333333333
5773,416.668333333333
5774,375.033
5776,261.173666666667
5779,204.196333333333
5780,247.635
5782,233.585
5790,46.7
5791,99.978
5792,128.423666666667
5794,222.048333333333
5801,432.313666666667
5808,76.8593333333333
5809,138.754
5811,7.99633333333333
5814,159.169
5817,159.024666666667
5819,198.54
5826,234.214333333333
5832,167.402333333333
5833,439.815
5834,321.351
5837,230.438666666667
5841,171.824666666667
5843,136.016333333333
5844,253.159333333333
5847,402.084
5854,10.302
5857,144.048333333333
5862,368.630666666667
5868,25.4536666666667
5873,5.20966666666667
5881,19.401
5882,311.583666666667
5883,2.44266666666667
5887,189.259666666667
5894,562.805
5900,122.035666666667
5903,5.01433333333333
5907,777.627666666667
5908,17.221
5909,7.58533333333333
5913,175.625
5914,219.257666666667
5917,245.500666666667
5921,483.314
5923,195.153333333333
5925,473.547666666667
5926,113.666333333333
5932,97.1083333333333
5936,330.493333333333
5937,4.79533333333333
5938,136.956
5940,63.33
5943,297.11
5946,230.303666666667
5953,233.945666666667
5957,151.502666666667
5958,130.578
5963,41.2036666666667
5968,231.243333333333
5972,396.107666666667
5977,294.698666666667
5981,172.226
5983,275.557333333333
5984,101.824
5987,107.629
5990,4.601
5992,319.168333333333
5993,12.962
5999,484.068333333333
6000,172.003
6002,51.2136666666667
6003,27.8483333333333
6006,249.31
6016,193.564666666667
6021,3.999
6024,29.3616666666667
6031,602.065666666667
6032,113.001
6039,9.431
6042,27.2113333333333
6043,524.553666666667
6047,15.2163333333333
6049,129.231666666667
6051,404.95
6052,175.383
6056,837.414
6063,228.244333333333
6064,49.503
6065,325.119666666667
6067,452.742666666667
6070,53.0743333333333
6071,41.621
6075,159.912333333333
6084,5.61133333333333
6085,143.667333333333
6091,169.525333333333
6093,132.283
6098,27.0256666666667
6101,347.194333333333
6104,155.041333333333
6106,162.880666666667
6110,115.513333333333
6113,102.469666666667
6115,331.225333333333
6117,19.4906666666667
6118,9.01633333333333
6123,174.623333333333
6125,162.82
6135,80.186
6137,238.141
6142,3.661
6144,210.545333333333
6146,169.996
6153,69.2483333333333
6156,4.481
6158,84.6006666666667
6161,454.117333333333
6163,16.572
6165,163.785
6168,29.948
6169,20.725
6171,34.2716666666667
6173,383.485333333333
6175,129.183333333333
6178,280.180333333333
6180,132.671333333333
6184,899.800333333333
6185,7.137
6188,161.909
6189,113.046666666667
6196,293.491333333333
6200,6.916
6201,60.6183333333333
6208,113.717333333333
6212,10.248
6215,440.156
6218,56.7876666666667
6220,334.152666666667
6221,11.302
6222,177.694
6224,500.322666666667
6240,710.117
6242,325.62
6244,67.1516666666667
6247,29.4553333333333
6249,488.275666666667
6251,158.24
6252,358.942
6253,564.028666666667
6255,138.704333333333
6256,367.119
6258,9.15433333333334
6259,143.051666666667
6261,203.627
6265,136.196666666667
6275,456.099333333333
6284,9.43933333333333
6290,82.4876666666667
6292,448.657
6295,209.232666666667
6300,166.523666666667
6302,2.31
6303,214.388333333333
6318,14.3413333333333
6320,4.19966666666667
6324,68.19
6325,4.04833333333333
6328,62.3556666666667
6329,93.0606666666667
6332,2.701
6333,310.768333333333
6334,22.4406666666667
6335,215.744666666667
6338,4.40566666666667
6341,679.204
6349,323.365
6352,26.668
6356,165.879
6361,260.749666666667
6362,353.095333333333
6363,165.262666666667
6369,54.762
6372,530.102
6373,363.801666666667
6376,42.0773333333333
6381,26.9023333333333
6384,395.511333333333
6387,263.423
6389,318.880666666667
6392,54.8636666666667
6400,83.1753333333333
6403,20.8353333333333
6405,175.513666666667
6406,143.508666666667
6413,147.413333333333
6415,416.515666666667
6417,334.533666666667
6419,244.811666666667
6420,108.806
6422,591.090333333333
6423,514.167666666667
6424,238.752333333333
6425,783.454666666667
6429,4.94466666666667
6431,178.035333333333
6432,259.055666666667
6433,195.674
6435,196.856333333333
6436,626.069333333333
6439,88.0896666666667
6441,22.6933333333333
6445,11.5966666666667
6449,149.097333333333
6456,205.089
6462,6.212
6464,6.68433333333333
6466,54.8156666666667
6469,210.797666666667
6474,170.782
6483,740.874666666667
6487,417.178666666667
6489,292.772666666667
6492,89.1183333333333
6498,6.094
6499,486.429666666667
6504,211.482
6510,11.005
6511,218.789333333333
6513,4.70566666666667
6517,36.4303333333333
6527,5.81366666666667
6529,169.258666666667
6532,181.357
6533,8.01466666666667
6539,54.6383333333333
6541,39.2516666666667
6545,369.949333333333
6550,402.692333333333
6555,33.5616666666667
6558,242.885666666667
6560,10.8106666666667
6564,284.697
6570,4.75666666666667
6573,310.937333333333
6582,281.902666666667
6583,465.076333333333
6585,93.1433333333333
6587,128.748
6588,11.63
6589,247.705
6599,38.8213333333333
6601,29.7296666666667
6605,55.018
6609,150.405333333333
6611,22.269
6615,273.183666666667
6621,105.831333333333
6626,54.5786666666667
6629,143.121333333333
6632,302.301
6637,172.016666666667
6644,409.620333333333
6645,109.502666666667
6647,8.089
6650,133.45
6654,405.937666666667
6656,11.0203333333333
6658,57.193
6667,64.0893333333333
6671,471.023333333333
6674,170.505
6683,259.444333333333
6685,97.865
6686,477.749666666667
6691,121.268
6692,88.952
6694,111.784666666667
6695,422.520666666667
6704,251.250333333333
6706,292.091333333333
6707,8.01066666666667
6709,83.2376666666667
6718,156.577666666667
6719,373.118
6723,481.130333333333
6744,183.554
6750,234.057666666667
6751,90.764
6754,35.8553333333333
6756,8.682
6759,18.7806666666667
6760,34.199
6763,4.408
6764,37.7843333333333
6765,67.615
6776,345.957
6778,556.588
6782,43.6443333333333
6787,156.66
6790,15.9403333333333
6792,204.51
6799,147.678666666667
6801,267.862666666667
6803,9.20466666666667
6809,57.7036666666667
6815,419.896666666667
6816,439.179666666667
6818,454.978333333333
6825,5.96233333333333
6826,75.3693333333333
6827,361.269
6835,251.285
6846,6.837
6852,303.117666666667
6855,19.0896666666667
6858,40.578
6860,539.922
6864,565.827666666667
6865,608.799333333333
6866,11.0466666666667
6867,337.024
6870,66.817
6872,76.3663333333333
6898,341.035333333333
6900,21.4193333333333
6904,63.3976666666667
6909,4.379
6910,150.802333333333
6912,564.212
6913,13.785
6917,70.0246666666667
6918,174.167666666667
6919,245.788666666667
6924,154.485333333333
6927,44.2846666666667
6929,185.442666666667
6931,366.724666666667
6933,24.2976666666667
6934,84.9673333333333
6946,50.164
6947,179.969333333333
6948,113.693
6949,192.794666666667
6950,469.952333333333
6954,120.828333333333
6958,387.502666666667
6968,57.6266666666667
6981,10.3033333333333
6983,68.791
6984,3.70666666666667
6985,301.619666666667
6987,292.595333333333
6991,157.105666666667
6993,353.564
6996,252.388
6999,184.929666666667
7001,39.965
7002,45.9443333333333
7007,383.413
7012,169.285666666667
7019,507.805333333333
7022,9.63433333333333
7023,4.09433333333333
7025,514.459333333333
7039,51.47
7043,275.602333333333
7045,111.496
7051,652.562333333333
7053,41.0666666666667
7055,7.56266666666667
7061,87.878
7064,21.063
7066,447.165
7068,129.924
7069,204.882
7070,5.23633333333333
7075,5.23933333333333
7078,470.73
7080,138.353666666667
7082,65.0156666666667
7085,191.180333333333
7092,14.3906666666667
7093,17.6406666666667
7096,44.6603333333333
7097,209.839666666667
7098,83.071
7100,15.246
7112,287.642666666667
7113,487.465666666667
7117,6.35133333333333
7120,842.085666666667
7123,351.474333333333
7126,355.649333333333
7129,155.352333333333
7131,99.5056666666667
7132,525.213333333333
7135,360.607
7137,53.607
7141,23.7026666666667
7142,300.014666666667
7145,161.615
7150,175.501666666667
7158,107.679333333333
7164,418.98
7169,144.968333333333
7170,38.2376666666667
7171,159.675
7173,4.19466666666667
7179,9.97466666666667
7183,73.8023333333333
7184,123.022
7188,12.391
7189,5.808
7190,53.4956666666667
7194,136.529666666667
7196,434.272333333333
7199,125.55
7203,1.23
7208,273.781333333333
7209,4.36766666666667
7213,194.362
7217,35.961
7222,37.6756666666667
7224,370.597666666667
7225,78.606
7226,6.196
7227,156.482333333333
7234,134.989333333333
7236,47.8546666666667
7243,213.521333333333
7245,94.586
7249,625.656333333333
7251,286.838333333333
7259,313.656666666667
7260,369.77
7266,350.286666666667
7268,192.29
7275,129.085666666667
7277,302.76
7278,48.2986666666667
7281,40.577
7282,264.481666666667
7288,242.863666666667
7289,220.010666666667
7293,417.336
7304,804.682
7305,86.6726666666667
7306,192.048333333333
7312,42.0086666666667
7317,330.517
7318,163.518666666667
7319,45.481
7324,290.138666666667
7325,321.254
7328,258.277
7329,421.486
7337,69.2
7339,57.8373333333333
7341,305.477
7343,557.494666666667
7345,237.043
7346,5.035
7349,11.6546666666667
7351,496.594666666667
7353,11.91
7356,116.542666666667
7358,404.459666666667
7360,100.871666666667
7361,5.27133333333333
7362,378.299
7364,6.17433333333333
7365,265.137333333333
7369,25.2803333333333
7370,146.131666666667
7371,557.002
7374,198.773666666667
7377,604.743666666667
7378,94.235
7380,31.1583333333333
7382,264.222333333333
7391,529.53
7392,538.258333333333
7393,3.12466666666667
7394,94.1956666666667
7395,147.815666666667
7398,228.932
7400,68.2696666666667
7405,18.2183333333333
7406,152.977
7410,270.78
7413,38.713
7418,138.865333333333
7427,138.311
7429,599.310666666667
7437,92.2916666666667
7439,9.901
7440,180.683666666667
7441,38.4766666666667
7448,357.424666666667
7453,1.75633333333334
7454,29.648
7456,378.974333333333
7460,202.016
7461,70.589
7468,117.976333333333
7469,20.7943333333333
7470,475.076
7471,149.258
7473,58.5816666666667
7485,399.999666666667
7494,198.568
7502,97.24
7503,286.849666666667
7505,217.580333333333
7506,98.8903333333333
7510,1.70833333333333
7513,294.316
7517,135.722666666667
7525,328.632333333333
7528,503.888666666667
7531,84.597
7540,4.027
7544,408.196333333333
7546,114.226
7552,315.731666666667
7554,515.406333333333
7560,198.444
7566,66.222
7571,77.0176666666666
7573,172.324333333333
7575,498.949
7576,55.6613333333333
7579,21.8183333333333
7580,495.391666666667
7583,166.665333333333
7588,61.9593333333333
7592,225.437333333333
7594,6.78933333333333
7595,21.1106666666667
7596,205.848
7600,685.396
7603,298.285333333333
7607,14.2496666666667
7608,177.218333333333
7610,116.437333333333
7612,60.1103333333333
7613,258.835
7617,318.111
7621,3.546
7624,503.507666666667
7625,6.57966666666667
7628,73.4233333333333
7629,752.099666666667
7631,874.871
7637,277.601380952381
7649,4.72566666666667
7654,171.237666666667
7667,375.471
7668,182.699666666667
7672,221.900333333333
7676,71.9996666666667
7679,127.032333333333
7682,47.9793333333333
7686,50.8476666666667
7689,397.788666666667
7693,12.02
7694,187.881666666667
7695,167.804333333333
7699,4.73566666666667
7703,17.737
7706,3.09133333333333
7707,267.865
7709,163.443
7710,283.962
7713,53.8173333333333
7714,2.66166666666667
7716,29.4686666666667
7723,78.8356666666667
7725,69.4026666666667
7726,42.745
7737,43.0753333333333
7744,221.553333333333
7745,385.869333333333
7746,528.208666666667
7752,249.469333333333
7754,290.628666666667
7755,147.160333333333
7756,105.664333333333
7757,263.227666666667
7759,231.625666666667
7760,116.25
7762,262.227333333333
7763,192.143
7766,39.7966666666667
7767,21.819
7769,34.7686666666667
7770,122.297666666667
7780,160.379333333333
7788,450.936666666667
7790,280.604
7791,520.854666666667
7797,110.684
7798,193.827333333333
7800,131.454
7801,79.9416666666667
7807,62.302
7808,322.607333333333
7816,137.938333333333
7818,147.473
7820,74.2883333333333
7822,75.326
7829,173.978666666667
7835,217.364333333333
7839,53.079
7845,789.063
7846,110.700333333333
7862,201.432
7867,3.958
7868,149.769333333333
7872,151.041
7874,646.731666666667
7875,21.9063333333333
7877,209.181
7878,217.125
7879,108.536333333333
7880,410.073
7884,403.543666666667
7885,483.818666666667
7888,5.76733333333333
7894,334.342333333333
7899,196.375333333333
7903,3.62233333333333
7905,38.398
7908,21.571
7914,5.199
7918,9.16366666666667
7925,176.141666666667
7926,163.898
7930,842.092333333333
7931,255.271666666667
7932,61.4433333333333
7936,89.9213333333334
7942,122.536333333333
7945,22.3766666666667
7947,106.859666666667
7954,573.432666666667
7956,81.648
7960,40.4533333333333
7961,290.836
7962,119.677
7965,259.92
7968,21.8726666666667
7970,15.9393333333333
7971,5.405
7976,23.8626666666667
7978,241
7982,213.222
7983,334.543
7984,90.0663333333333
7992,60.133
7995,498.343666666667
7999,452.102666666667
8002,4.72966666666667
8003,53.089
8007,226.235666666667
8008,415.7
8012,493.209666666667
8014,81.1326666666667
8022,153.942666666667
8031,291.843666666667
8034,174.754
8040,476.202
8041,3.02366666666667
8050,234.778
8051,11.622
8053,608.237333333333
8057,104.046666666667
8059,521.674333333333
8067,20.976
8068,185.547666666667
8070,7.24366666666666
8073,457.335333333333
8077,186.212333333333
8081,208.784333333333
8082,728.628333333333
8083,137.239666666667
8091,612.808333333333
8094,8.19566666666667
8097,6.29033333333334
8099,37.8043333333333
8102,707.787666666667
8110,531.919
8115,112.671333333333
8128,22.7583333333333
8131,11.673
8134,89.4726666666667
8135,132.694
8137,164.977666666667
8142,74.8933333333333
8144,20.122
8157,227.816666666667
8159,216.827333333333
8161,218.763666666667
8165,262.447666666667
8166,22.162
8169,162.924333333333
8172,46.818
8173,389.694
8182,35.738
8184,26.322
8185,314.577333333333
8187,754.251666666667
8188,325.428666666667
8196,148.345
8197,197.539333333333
8200,408.151
8204,158.814666666667
8206,244.293
8211,506.367333333333
8221,33.3266666666667
8226,77.5073333333333
8227,150.986666666667
8232,368.712666666667
8233,472.975333333333
8238,9.27
8244,277.651666666667
8248,22.732
8250,24.4026666666667
8257,183.855333333333
8258,402.331666666667
8259,9.03833333333333
8260,514.171333333333
8264,83.8683333333333
8266,154.361333333333
8272,40.3123333333333
8275,70.962
8281,377.094333333333
8285,95.3526666666667
8290,163.792333333333
8295,213.002333333333
8297,232.527666666667
8298,242.036666666667
8300,586.849
8305,11.3703333333333
8318,164.184666666667
8319,471.174333333333
8320,172.942333333333
8324,91.456
8329,80.1473333333333
8331,100.539333333333
8332,148.591333333333
8333,37.0893333333333
8337,41.9553333333333
8340,25.6933333333333
8345,116.855
8347,6.22433333333333
8359,380.049666666667
8368,176.301
8370,384.045666666667
8372,350.007666666667
8379,244.639333333333
8384,457.281333333333
8401,117.043333333333
8409,256.506
8410,59.758
8418,259.212333333333
8424,260.172
8429,6.90233333333333
8431,271.641333333333
8434,1.552
8438,281.787
8440,236.484
8446,55.904
8447,46.6513333333333
8448,31.525
8449,432.896333333333
8457,132.412333333333
8463,22.3093333333333
8464,66.2576666666667
8465,338.419
8469,306.545333333333
8470,45.355
8473,221.679333333333
8478,61.0063333333333
8480,157.815333333333
8481,368.937
8485,185.622
8486,230.138333333333
8487,166.540666666667
8489,116.99
8491,113.772
8494,136.356
8498,162.816666666667
8499,5.45466666666667
8501,487.765666666667
8509,229.244
8510,429.416333333333
8511,14.344
8517,6.758
8524,180.120333333333
8527,185.814666666667
8530,240.918
8535,396.983333333333
8537,214.22
8540,121.111333333333
8541,59.939
8543,76.2273333333333
8547,74.0896666666667
8549,619.277
8557,277.390666666667
8559,306.026
8564,23.6
8566,814.182666666667
8568,177.231
8577,292.008
8578,703.884333333333
8581,66.5646666666667
8583,22.841
8586,68.7793333333333
8593,161.356
8594,18.0663333333333
8595,14.531
8600,50.837
8606,21.3903333333333
8607,104.254666666667
8611,211.485333333333
8620,6.299
8621,29.1213333333333
8622,135.419
8623,143.315333333333
8624,238.226
8629,64.3513333333333
8631,47.4823333333333
8633,137.39
8643,344.571666666667
8646,301.828666666667
8647,240.008666666667
8649,164.085
8652,41.3733333333333
8661,166.072
8662,249.974666666667
8668,148.167
8669,116.075666666667
8674,31.7553333333333
8676,387.981666666667
8683,407.705333333333
8684,26.7646666666667
8685,8.49233333333333
8691,131.426666666667
8696,12.537
8700,136.270666666667
8703,302.474666666667
8705,63.8356666666666
8706,42.71
8713,155.409666666667
8717,29.327
8718,204.2
8719,56.77
8722,296.235666666667
8725,34.582
8729,121.197
8731,13.2506666666667
8736,145.301333333333
8738,329.471666666667
8739,211.367
8744,372.063666666667
8753,380.223666666667
8763,135.343666666667
8765,191.914333333333
8768,66.5763333333333
8772,170.002
8773,352.765
8775,69.4193333333333
8780,94.0093333333333
8781,452.489
8784,324.834666666667
8786,97.3873333333333
8787,277.302666666667
8789,326.877666666667
8790,226.704666666667
8793,451.340333333333
8798,235.926666666667
8799,58.2016666666667
8801,688.650666666667
8802,226.423333333333
8805,45.3903333333333
8811,150.715666666667
8816,192.694666666667
8823,12.1265
8829,230.444333333333
8832,312.946333333333
8833,67.135
8834,62.002
8835,145.438666666667
8837,153.631666666667
8839,203.778333333333
8843,710.848
8848,95.6263333333333
8849,56.2936666666667
8850,241.864
8854,144.212
8856,171.753333333333
8857,34.7036666666667
8863,11.451
8868,11.6033333333333
8869,250.289
8872,282.485333333333
8882,377.385666666667
8884,422.687333333333
8886,322.944333333333
8887,19.434
8891,313.251333333333
8893,448.060666666667
8897,503.084666666667
8898,42.0336666666667
8900,3.46833333333333
8901,258.871666666667
8902,311.424333333333
8903,70.2153333333333
8905,200.429666666667
8907,19.3933333333333
8911,91.622
8915,116.636
8918,175.936666666667
8922,248.367333333333
8924,6.68333333333333
8929,157.825333333333
8931,211.617333333333
8933,72.2913333333334
8935,20.5523333333333
8939,137.846
8940,314.169
8954,17.302
8956,5.86533333333333
8959,20.8066666666667
8976,118.345
8977,79.2263333333333
8980,396.056
8981,18.7803333333333
8984,195.838
8985,140.144
8986,610.245666666666
8997,109.235
9003,476.599666666667
9005,149.887
9007,191.445333333333
9008,480.984333333333
9010,114.249
9012,160.181333333333
9013,742.566
9015,140.822666666667
9016,207.260666666667
9023,450.345
9024,337.857333333333
9025,119.359
9029,15.1256666666667
9030,311.212333333333
9032,32.3253333333333
9036,100.424
9041,128.155666666667
9042,9.74433333333333
9045,74.846
9047,17.622
9050,41.6823333333333
9051,138.795666666667
9056,452.431666666667
9059,288.903333333333
9060,31.5123333333333
9061,263.592333333333
9063,88.914
9068,150.239666666667
9070,356.204
9073,20.3146666666667
9074,566.809666666667
9081,58.2146666666667
9083,191.575333333333
9088,82.77
9090,183.855333333333
9092,278.246666666667
9097,59.259
9104,30.1603333333333
9105,4.306
9107,18.6346666666667
9109,316.025
9116,7.843
9117,81.0773333333333
9118,406.008666666667
9120,179.3105
9121,746.840333333333
9126,152.599666666667
9134,91.6666666666667
9135,112.037666666667
9138,58.808
9143,61.7326666666667
9145,236.003333333333
9150,205.077333333333
9153,11.8783333333333
9154,156.476333333333
9157,169.999
9158,7.56966666666667
9170,31.2776666666667
9171,236.131333333333
9173,159.809
9175,299.678333333333
9180,155.209666666667
9181,204.464333333333
9185,222.044333333333
9187,12.2103333333333
9189,23.6013333333333
9192,628.283
9194,23.6863333333333
9195,299.734
9199,11.722
9200,277.902333333333
9206,2.11266666666667
9210,161.934666666667
9214,241.107666666667
9221,215.118333333333
9223,677.409333333333
9228,203.362333333333
9233,93.342
9234,85.297
9236,418.963666666667
9240,215.816333333333
9245,216.853333333333
9255,27.1036666666667
9257,288.644333333333
9258,323.981666666667
9265,789.965333333333
9277,8.14666666666666
9278,695.566
9290,279.434666666667
9293,275.263
9308,5.68566666666667
9309,148.952333333333
9311,5.25633333333333
9315,640.927
9319,24.6743333333333
9324,246.262333333333
9326,134.867333333333
9328,94.354
9331,221.961
9332,278.110714285714
9333,142.597666666667
9335,451.875666666667
9336,3.255
9337,309.315666666667
9345,195.094666666667
9351,309.638333333333
9354,403.424
9357,9.73966666666667
9358,494.782
9361,26.3383333333333
9364,54.7093333333333
9365,21.7086666666667
9368,466.210333333333
9369,188.543
9372,7.021
9374,796.497
9378,324.505666666667
9388,438.669333333333
9390,59.211
9391,3.591
9397,10.8146666666667
9398,230.912666666667
9401,119.086
9402,240.771666666667
9408,84.6186666666667
9412,17.8286666666667
9416,5.323
9423,393.254666666667
9424,138.788333333333
9428,212.513666666667
9433,112.804
9434,3.88933333333333
9436,192.42
9437,158.531333333333
9439,222.527333333333
9442,126.348
9444,5.19866666666667
9445,568.455
9449,234.282333333333
9451,105.407
9452,29.6933333333333
9460,172.248333333333
9463,456.582333333333
9464,251.388333333333
9466,17.1753333333333
9469,337.779
9476,25.1683333333333
9477,4.177
9492,141.486333333333
9502,231.009333333333
9503,199.638666666667
9506,123.780333333333
9510,37.5353333333333
9512,263.028666666667
9515,185.126333333333
9518,344.092333333333
9519,122.785
9523,394.562
9526,152.050666666667
9530,468.241666666667
9531,247.948666666667
9533,25.871
9541,799.846666666667
9546,42.271
9547,205.312666666667
9549,173.12
9551,287.606
9554,451.703666666667
9555,89.774
9556,244.959
9557,323.680333333333
9559,28.0053333333333
9565,203.125
9567,57.799
9569,8.77433333333333
9575,510.992333333333
9577,224.790666666667
9578,123.945
9579,140.930333333333
9583,255.321666666667
9584,200.740333333333
9585,58.2816666666667
9589,198.277666666667
9602,831.063
9603,11.94
9604,351.262666666667
9610,49.959
9612,4.681
9613,10.291
9614,139.940666666667
9626,720.214666666667
9627,378.436333333334
9631,61.3183333333333
9633,73.8323333333333
9637,395.991666666667
9638,61.8873333333333
9643,5.489
9645,181.981333333333
9647,3.59133333333333
9654,211.900666666667
9655,264.770666666667
9659,422.553
9660,231.247666666667
9661,7.715
9664,15.641
9665,279.888666666667
9670,5.46466666666667
9676,6.33033333333334
9681,194.557
9682,160.699333333333
9684,322.460333333333
9685,165.081
9687,331.195333333333
9691,68.7666666666667
9698,53.0893333333333
9700,3.80633333333333
9705,81.229
9708,271.027666666667
9709,178.547333333333
9712,200.100666666667
9716,51.6413333333333
9718,522.042666666667
9721,534.36
9722,386.965666666667
9728,51.573
9732,313.697
9735,155.214
9736,321.452
9738,245.302333333333
9739,14.2223333333333
9741,240.729333333333
9743,105.934666666667
9752,111.542666666667
9755,115.348666666667
9757,19.5556666666667
9758,65.93
9759,172.496
9764,766.187
9765,360.548666666667
9768,130.404
9773,4.565
9777,732.172333333333
9778,422.409333333333
9779,3.111
9782,34.2003333333333
9787,202.179
9789,115.020666666667
9793,199.862666666667
9795,202.023333333333
9797,415.711
9798,112.395333333333
9799,183.597333333333
9800,253.606666666667
9808,37.182
9820,25.955
9838,131.921666666667
9840,169.381666666667
9841,547.458
9843,415.319666666667
9844,243.711333333333
9849,24.219
9850,274.598
9855,151.096666666667
9856,685.963
9858,256.638333333333
9859,81.808
9863,38.2696666666667
9871,95.528
9877,345.147
9878,327.673333333333
9884,655.516
9886,109.761666666667
9891,242.954333333333
9892,579.559
9894,530.48
9895,170.807666666667
9907,243.576666666667
9909,460.863
9912,302.698
9914,22.943
9916,183.366333333333
9924,295.097
9925,320.892333333333
9926,6.42533333333333
9928,349.117
9930,61.3833333333333
9933,138.297666666667
9935,358.899
9939,244.391333333333
9940,247.043
9947,31.4
9957,47.0203333333333
9965,123.854333333333
9968,5.98866666666667
9970,317.948333333333
9975,25.437
9976,13.6293333333333
9986,110.182
9987,350.599666666667
9995,118.218333333333
9999,205.44
10006,169.746333333333
10009,472.685333333333
10017,70.9296666666666
10020,204.887666666667
10023,593.053333333333
10025,442.386333333333
10030,222.530333333333
10032,490.668666666667
10034,4.04633333333333
10035,260.996333333333
10038,96.7056666666667
10048,102.342333333333
10049,43.0536666666667
10051,191.626
10059,131.286333333333
10061,18.9896666666667
10063,10.2113333333333
10076,121.994666666667
10078,541.313333333333
10083,705.491
10084,107.893666666667
10090,81.702
10092,84.3703333333333
10093,148.834666666667
10096,335.159666666667
10098,284.721666666667
10108,240.278
10109,223.663666666667
10110,159.978666666667
10111,136.088
10112,193.000333333333
10114,184.814
10115,657.142333333333
10120,20.5073333333333
10124,287.744
10129,31.1173333333333
10130,41.3236666666667
10135,26.2833333333333
10138,14.3273333333333
10141,100.657
10143,222.804333333333
10145,124.325
10155,66.999
10163,307.538666666667
10166,144.776666666667
10183,53.7276666666667
10185,190.541333333333
10188,108.284666666667
10189,359.837333333333
10191,710.362
10195,31.1933333333333
10199,46.0566666666667
10201,47.7036666666667
10205,118.874333333333
10207,219.388666666667
10211,230.922666666667
10217,21.559
10218,5.29066666666667
10219,6.157
10221,46.4703333333333
10225,6.622
10231,287.731333333333
10233,96.996
10235,4.05933333333333
10241,75.3133333333333
10243,115.693666666667
10250,348.842
10251,248.47
10253,90.1093333333333
10256,338.538333333333
10257,59.6553333333333
10259,249.098666666667
10264,17.699
10266,53.5126666666667
10270,195.519
10280,360.028666666667
10281,140.845333333333
10283,350.834333333333
10287,403.416
10288,489.426333333333
10291,255.976666666667
10297,322.239
10305,7.44933333333334
10309,242.970333333333
10310,33.6633333333333
10312,223.468666666667
10313,233.746333333333
10316,66.215
10317,262.528
10325,181.850333333333
10332,258.979
10335,130.741
10339,210.033333333333
10340,122.016333333333
10341,390.526
10344,144.264666666667
10345,164.907333333333
10346,5.79466666666667
10349,282.435666666667
10359,338.952666666667
10363,61.0453333333333
10374,662.044333333333
10375,264.575333333333
10378,95.3633333333333
10380,144.470666666667
10387,246.931
10389,374.268333333333
10399,16.023
10400,243.758666666667
10402,37.236
10403,143.847333333333
10405,175.759666666667
10414,88.8216666666667
10418,195.939333333333
10422,373.849666666667
10424,561.293333333333
10429,554.449
10436,327.715666666667
10437,334.779
10438,198.897333333333
10439,80.081
10444,497.959666666667
10446,135.100666666667
10447,542.622333333333
10448,319.126
10449,370.950333333333
10452,3.277
10453,326.176333333333
10454,13.318
10456,13.018
10458,653.017333333333
10463,148.397
10464,370.478333333333
10467,193.297333333333
10468,299.934
10481,269.707333333333
10485,158.005666666667
10489,48.0546666666667
10494,256.92
10500,156.162
10502,4.94333333333334
10505,257.612
10509,36.2816666666667
10513,487.472333333333
10515,37.3643333333333
10518,249.210333333333
10524,134.534
10526,6.60466666666667
10531,30.1033333333333
10532,234.686666666667
10536,292.770333333333
10542,109.83
10547,86.108
10549,12.9756666666667
10563,63.806
10566,11.9986666666667
10567,452.326333333333
10569,236.99
10572,2.64033333333333
10574,284.547666666667
10580,294.538
10582,4.752
10583,192.903666666667
10588,293.425333333333
10590,4.79833333333334
10592,262.365
10600,295.221
10609,256.871333333333
10612,165.547666666667
10619,321.988666666667
10623,139.228333333333
10625,528.217
10629,94.474
10630,128.430666666667
10637,145.746666666667
10638,7.687
10641,166.632333333333
10642,217.569333333333
10644,597.01
10646,464.712
10648,365.173666666667
10652,155.665333333333
10659,104.712333333333
10666,8.84833333333333
10669,203.438666666667
10670,5.91433333333333
10673,175.509333333333
10675,124.383666666667
10683,97.573
10684,166.509666666667
10687,366.328333333333
10690,3.89033333333333
10691,306.194
10692,4.135
10697,142.796666666667
10700,25.7363333333333
10703,166.175
10705,404.965666666667
10709,7.81966666666667
10710,184.117
10714,146.276333333333
10715,287.725333333333
10721,404.528666666667
10722,41.134
10726,6.93366666666666
10727,208.893666666667
10728,322.377333333333
10733,582.753
10734,25.4656666666667
10738,251.214
10746,90.284
10748,633.125666666667
10750,3.499
10752,8.88166666666667
10754,6.31133333333333
10770,171.061333333333
10771,175.935333333333
10776,322.356666666667
10781,58.205
10783,682.183666666667
10784,13.9373333333333
10785,2.79666666666667
10791,273.710333333333
10793,163.099
10796,113.837
10800,52.2056666666667
10802,270.028666666667
10805,48.9983333333333
10811,225.891
10815,184.769666666667
10821,138.645
10823,183.108333333333
10827,431.139666666667
10829,655.121
10833,64.804
10838,5.644
10850,201.473
10854,220.676333333333
10858,91.9773333333333
10867,487.095333333333
10868,285.670333333333
10871,46.2626666666667
10872,383.609
10873,42.0103333333333
10874,68.239
